x0:276 273 323 556 27 390 709 185 
x1:556 98 986 193 82 676 185 752 679 802 831 15 839 521 328 835 683 910 905 925 207 737 188 483 9 510 38 387 251 98 571 159 548 908 351 981 583 535 732 261 689 914 627 527 786 307 713 469 568 969 745 126 705 932 608 65 794 997 451 396 447 373 554 346 280 257 326 214 143 409 827 831 674 805 710 460 463 422 928 30 391 672 156 447 956 115 864 749 112 314 144 910 39 50 255 670 306 580 
x2:236 448 340 414 631 13 218 340 472 681 113 751 62 855 423 569 302 730 684 165 478 147 830 973 408 220 374 662 890 31 593 477 479 932 890 461 296 
x3:107 152 768 139 264 870 553 471 292 121 772 21 156 288 850 654 469 175 61 689 548 74 930 579 666 406 409 949 647 221 245 753 372 364 244 987 233 796 457 877 268 580 249 424 867 451 77 688 977 490 728 524 563 657 454 581 414 214 529 60 434 125 164 157 840 759 144 425 554 952 301 822 532 901 597 750 351 25 437 327 514 164 203 429 172 8 9 
x4:937 222 889 348 7 14 512 516 853 270 659 629 176 962 929 997 
x5:493 182 945 243 884 969 31 211 835 547 765 263 70 772 271 7 345 159 354 704 524 217 219 729 839 229 357 14 190 638 362 35 
x6:819 306 629 702 274 659 264 108 557 28 722 627 152 992 985 848 503 690 551 26 907 769 754 745 349 111 758 539 748 471 573 918 776 201 619 401 211 883 861 768 262 582 746 413 926 
x7:730 261 428 419 163 805 677 284 559 421 632 21 530 522 120 1000 94 37 127 646 655 880 209 537 740 976 151 673 73 563 598 154 175 377 924 690 182 601 973 92 373 956 112 255 478 231 606 923 267 85 569 
x8:273 964 129 162 55 456 312 79 528 226 29 33 401 405 956 442 938 908 414 29 633 369 140 887 198 722 844 121 988 928 41 613 891 169 774 297 624 85 376 503 310 404 535 62 160 490 503 98 750 268 126 382 637 618 620 186 339 463 306 679 391 346 291 633 
x9:866 64 282 489 148 657 991 809 412 877 871 571 719 725 668 468 993 146 849 981 763 468 166 101 282 472 131 24 169 421 657 35 836 290 875 335 298 218 144 709 94 366 631 812 90 299 631 82 796 479 62 558 298 228 10 932 
x10:51 493 955 219 913 963 605 101 252 480 435 549 697 930 609 790 295 240 954 737 890 584 818 685 415 232 594 64 811 603 995 861 95 950 79 360 912 684 812 516 515 598 416 211 528 25 352 174 264 657 910 153 241 80 837 7 311 430 70 121 384 65 981 831 366 411 542 629 446 353 496 960 950 912 522 477 
x11:936 874 3 199 530 912 703 122 343 891 128 653 320 550 125 55 966 105 885 331 868 426 311 313 778 807 625 80 718 146 908 653 371 910 203 901 174 905 374 516 795 854 169 466 403 645 520 368 102 757 50 969 182 360 
x12:633 312 166 257 391 883 755 298 887 125 560 441 377 733 697 751 248 491 956 768 308 358 413 180 77 514 936 126 834 469 837 818 132 3 427 874 237 181 524 476 305 83 916 682 815 613 784 414 455 739 
x13:534 763 448 946 294 524 811 581 1 996 401 189 813 533 543 239 406 780 419 929 607 76 363 522 109 529 134 892 943 941 982 476 55 429 773 348 304 935 280 304 930 680 492 94 212 35 685 970 166 103 250 772 530 613 293 638 141 779 881 435 71 862 910 125 290 34 472 593 968 103 248 249 782 92 695 346 126 379 315 643 833 564 414 715 528 
x14:58 352 21 188 585 455 258 446 717 734 88 750 205 680 70 659 280 670 441 371 716 786 848 94 100 490 279 15 255 993 895 664 344 915 204 280 721 461 726 437 195 813 539 751 844 960 410 123 981 202 845 697 987 692 142 438 533 420 804 787 412 698 803 108 964 6 387 37 818 464 825 364 276 363 115 472 674 876 946 655 429 791 351 415 834 844 852 367 264 7 505 27 705 
x15:307 134 20 664 873 56 482 336 881 845 964 595 311 787 269 538 732 275 966 874 
x16:625 380 708 468 583 426 83 590 930 110 646 589 595 665 252 467 73 85 155 953 930 470 547 240 256 167 130 987 441 95 861 417 827 920 237 761 345 319 702 626 780 347 214 375 364 818 193 436 902 699 740 183 168 638 775 423 805 904 762 597 998 974 14 176 893 250 937 237 920 638 214 700 337 780 426 700 949 618 487 850 669 578 33 836 215 159 611 371 62 372 968 411 345 333 587 589 
x17:934 523 177 853 512 390 904 848 521 329 899 469 299 737 319 319 314 703 154 881 861 116 251 274 487 570 684 183 902 270 123 835 144 299 40 656 41 943 855 561 624 754 30 274 490 700 592 156 754 97 36 614 213 638 239 51 208 922 586 461 192 708 648 335 7 687 342 399 981 197 959 956 302 988 229 143 687 172 298 440 269 685 405 833 323 995 883 882 917 468 342 
x18:108 528 341 794 886 27 136 284 360 684 242 315 985 582 896 479 620 67 777 412 687 461 168 519 135 163 402 16 79 221 710 538 100 50 331 985 429 818 268 788 853 862 454 189 795 349 668 414 768 444 825 454 256 993 325 743 
x19:155 726 110 585 298 819 122 398 221 804 734 649 974 354 788 178 215 241 367 361 942 34 774 61 829 951 866 436 943 190 178 449 267 288 385 565 
x20:458 506 314 678 661 47 678 986 400 465 164 966 58 530 326 351 563 452 411 743 402 628 178 696 818 708 496 84 995 880 1000 804 737 665 482 397 712 159 383 463 976 546 781 33 427 458 735 341 909 497 83 662 124 260 357 941 967 204 377 313 83 376 117 
x21:819 41 598 568 104 108 302 918 435 199 698 467 625 508 553 965 416 49 47 430 173 658 138 113 977 342 489 289 
x22:424 217 757 595 257 706 514 712 814 815 629 248 13 679 67 989 186 619 953 953 20 351 382 192 360 520 656 336 861 145 977 284 713 733 230 321 439 743 32 252 909 660 851 921 690 269 261 875 888 565 828 259 915 209 450 627 728 105 962 940 601 938 576 
x23:313 23 805 985 461 900 16 64 808 28 914 81 717 535 341 592 774 906 771 32 172 979 481 798 59 937 112 998 538 401 573 202 423 378 187 883 629 554 298 436 581 212 516 650 98 857 593 871 762 363 902 285 341 734 83 399 670 194 749 559 946 321 113 369 50 299 603 678 204 901 114 137 464 981 786 561 837 378 431 950 92 332 235 432 65 669 
x24:183 86 214 283 645 159 603 757 879 5 407 482 682 610 382 147 98 845 128 883 405 316 612 187 618 703 518 204 487 934 872 21 19 437 655 15 947 257 771 826 613 529 307 647 139 40 793 588 884 272 471 640 940 434 826 557 489 695 760 327 628 983 699 998 771 353 365 717 961 
x25:135 542 574 16 200 220 506 239 
x26:364 93 474 988 915 113 927 349 290 835 189 984 594 867 963 928 565 961 698 269 677 766 229 163 660 154 178 859 
x27:373 683 450 89 776 275 76 690 388 354 390 677 188 578 13 133 444 975 60 360 287 109 628 963 874 857 126 533 362 303 744 735 986 193 175 113 819 602 802 206 955 192 235 142 121 247 274 917 573 685 276 860 793 256 822 666 464 299 199 825 
x28:602 942 911 939 486 85 51 304 686 204 862 992 747 448 485 868 46 758 136 618 794 411 477 586 18 651 252 481 949 802 306 550 95 216 840 932 653 890 587 690 446 800 682 192 247 166 59 292 276 194 262 69 957 738 7 974 740 258 455 689 411 112 590 505 679 430 788 331 671 374 373 116 174 54 660 
x29:420 571 70 64 198 616 325 267 572 414 625 897 506 882 703 194 644 166 
x30:783 148 845 564 935 175 235 660 547 702 833 952 361 605 875 431 668 72 398 344 690 969 109 314 
x31:217 614 547 272 159 190 437 942 689 281 857 975 808 443 635 706 145 819 10 857 423 884 639 442 955 36 785 645 356 246 310 925 211 857 196 370 398 632 663 439 913 519 413 720 962 399 777 458 218 786 666 992 669 657 434 624 692 570 620 400 167 281 324 378 489 519 747 887 150 761 677 414 279 89 485 592 840 262 49 409 47 
x32:67 400 716 723 185 691 766 755 662 517 273 942 840 650 783 710 748 669 212 508 345 625 787 785 110 730 976 723 779 384 769 197 136 836 919 672 526 36 778 539 553 51 833 392 700 615 454 448 283 665 307 979 641 445 115 102 175 91 824 305 826 945 501 313 780 771 
x33:985 658 806 762 196 358 812 28 102 864 994 555 
x34:311 628 571 969 606 563 414 73 665 588 515 840 892 340 784 392 653 564 
x35:514 989 573 319 750 120 677 562 148 130 425 493 36 87 121 606 55 726 168 820 150 184 407 664 24 298 4 807 41 8 722 554 996 646 225 97 766 253 10 265 382 786 757 417 224 877 374 631 955 893 450 104 77 857 768 452 506 123 610 899 482 684 452 829 329 28 925 94 280 935 358 13 72 115 429 296 343 154 926 297 
x36:399 375 401 827 583 520 278 89 994 239 987 475 922 790 303 603 170 227 696 449 513 406 462 937 872 242 232 214 748 509 863 146 235 263 972 818 134 601 258 127 839 596 
x37:601 113 737 255 715 906 833 762 355 346 167 168 634 38 761 217 604 508 725 466 653 959 80 976 128 213 576 385 691 767 980 291 879 717 545 593 974 377 706 680 74 873 847 59 262 608 275 865 467 999 682 472 310 761 447 437 325 375 822 15 493 153 
x38:657 371 869 553 315 843 282 20 874 707 244 721 766 506 680 40 722 498 39 404 969 700 516 768 136 193 494 957 207 986 110 216 708 330 768 374 524 49 745 398 756 989 470 873 846 501 912 919 998 302 674 967 1 190 86 137 734 579 445 292 916 906 507 623 236 627 348 111 27 92 860 134 432 329 6 277 829 270 548 827 571 
x39:221 145 572 762 230 60 495 160 856 787 75 762 645 49 349 623 396 459 650 487 319 135 919 999 141 547 828 410 94 6 332 315 502 255 76 83 314 923 242 522 61 668 283 705 716 631 328 111 441 329 597 111 463 867 110 955 
x40:414 289 364 859 646 48 525 147 302 953 229 968 875 822 489 935 489 123 991 204 753 670 314 545 998 262 8 813 481 469 767 246 109 131 104 754 530 629 252 831 581 832 798 807 653 638 93 141 760 83 696 864 105 9 761 102 622 768 914 102 236 33 347 696 515 451 449 44 
x41:431 52 874 363 883 24 169 535 661 261 27 773 695 722 636 799 82 396 253 703 515 518 157 102 550 503 797 64 305 245 107 87 648 333 449 530 708 617 64 720 229 442 492 924 163 480 74 596 227 326 299 742 844 807 843 
x42:745 309 992 809 966 588 267 52 
x43:236 951 853 765 658 821 181 378 50 622 869 325 137 700 398 732 
x44:927 76 382 668 919 188 862 15 849 853 175 814 441 442 217 28 744 69 792 402 890 972 131 291 946 351 615 434 51 364 165 977 439 547 996 709 734 209 724 
x45:934 414 898 747 854 691 316 881 435 384 24 188 625 348 318 915 645 668 529 78 70 893 242 398 331 140 393 40 226 954 115 159 367 12 906 572 703 221 804 489 956 827 676 581 174 993 495 818 12 376 895 
x46:434 268 489 831 950 628 576 341 853 529 455 12 895 467 269 466 521 841 269 9 148 447 684 728 973 28 575 142 391 950 389 824 569 877 655 518 856 230 211 709 758 665 72 4 483 692 821 3 884 89 363 31 887 398 111 859 425 685 1 816 986 389 639 554 265 645 423 120 874 633 180 983 650 603 986 132 294 158 487 529 246 849 560 133 247 670 343 
x47:23 354 343 838 339 731 829 244 347 473 666 819 699 651 350 681 300 953 19 783 598 176 621 127 774 470 38 258 68 707 600 442 412 
x48:943 632 102 25 460 697 372 932 362 542 630 364 891 663 15 195 681 798 145 208 418 623 981 239 660 590 658 718 190 100 129 484 731 582 508 542 278 231 825 991 772 455 355 15 469 721 209 501 518 705 708 288 327 41 878 986 630 536 703 171 987 183 654 69 764 514 610 393 744 434 384 868 240 90 882 708 810 442 560 680 147 268 319 825 660 196 811 289 83 865 460 69 
x49:48 113 489 163 626 98 556 722 884 291 589 475 380 822 535 541 615 94 572 113 361 890 938 20 86 100 661 520 964 472 941 363 936 429 878 914 879 433 635 114 723 
x50:575 588 454 748 122 346 714 216 918 179 928 807 116 300 244 567 960 764 882 431 
x51:704 597 718 484 474 631 362 906 265 827 980 191 415 785 290 536 130 4 751 47 182 679 854 649 330 449 215 289 212 448 71 267 44 788 751 517 771 464 774 387 291 105 578 57 889 867 592 19 222 695 65 403 725 
x52:270 51 54 719 617 694 282 417 116 549 460 255 651 329 25 466 102 412 108 
x53:207 341 164 447 207 756 465 781 802 882 183 526 151 586 931 221 554 624 503 970 739 51 430 993 53 110 18 518 563 781 626 769 121 141 216 679 248 32 459 49 913 994 574 416 579 856 636 484 479 138 454 217 540 235 562 592 344 579 110 906 359 87 27 831 227 594 509 475 977 968 523 890 313 449 657 891 304 292 374 135 430 
x54:179 351 321 413 912 913 108 842 374 366 552 460 392 382 686 337 243 512 313 210 387 202 522 187 858 764 490 502 489 976 283 668 327 603 432 590 515 
x55:540 784 240 257 335 699 648 69 737 984 311 600 648 872 986 850 745 172 59 508 14 912 348 989 194 367 667 797 151 257 663 42 392 903 298 726 953 945 146 41 280 456 641 927 327 626 128 71 150 539 930 163 450 630 151 996 996 170 144 498 778 158 539 169 412 836 246 365 132 392 757 411 847 397 690 526 375 169 596 524 59 878 38 861 859 540 856 
x56:854 709 999 704 486 508 242 654 920 78 900 284 209 291 40 972 489 789 13 14 163 533 962 38 592 839 75 452 697 614 659 902 323 9 605 808 516 199 814 
x57:435 276 713 70 836 355 462 159 843 250 523 857 764 56 818 
x58:801 999 8 875 450 704 488 460 957 162 468 914 970 983 112 783 770 739 847 839 574 201 300 85 43 549 607 899 664 14 68 464 12 75 338 813 130 178 272 87 339 91 352 660 426 463 794 195 201 640 33 126 840 333 210 235 233 169 133 897 182 201 360 546 275 50 710 405 579 334 843 269 424 194 281 849 8 74 43 560 714 76 685 905 760 247 139 992 415 624 240 948 176 600 845 802 1 
x59:555 558 931 888 400 199 311 945 479 512 304 905 
x60:554 863 618 981 548 874 740 794 365 84 560 340 323 859 515 922 704 316 274 610 226 204 497 625 755 159 922 585 22 577 489 
x61:576 440 458 908 339 332 648 132 48 731 43 387 405 253 253 679 956 920 952 917 145 508 413 122 614 924 43 198 945 971 687 872 410 144 780 748 827 779 231 226 861 273 612 265 878 216 943 833 136 247 750 280 106 514 401 719 789 795 916 86 766 602 309 527 98 440 275 924 218 505 150 430 
x62:130 113 47 7 681 989 191 816 587 292 447 692 158 200 410 298 994 326 383 111 279 692 638 728 131 264 4 701 120 505 130 249 617 528 607 649 517 798 464 455 441 911 147 598 
x63:462 908 248 455 233 630 918 864 673 907 591 804 522 946 856 641 450 337 242 419 865 848 67 733 997 531 187 790 793 685 739 254 593 986 60 177 616 329 392 288 587 983 443 108 928 650 749 
x64:730 987 342 148 851 189 214 935 538 96 473 327 240 158 65 845 750 51 905 278 18 585 670 305 172 4 100 631 283 749 731 12 735 72 159 937 613 725 223 150 820 696 828 60 853 892 904 954 294 160 231 311 97 900 968 620 255 419 250 538 167 333 549 254 756 708 542 368 432 765 869 603 812 696 14 664 588 918 969 233 429 551 
x65:544 877 803 863 496 57 281 98 594 447 782 143 

y1:0 0 0 556 0 0 0 185 
y2:0 0 0 0 0 0 0 0 
y3:0 0 0 0 0 0 0 0 
y4:0 0 0 0 0 0 0 0 
y5:0 0 0 0 0 0 0 0 
y6:0 0 0 0 0 0 0 0 
y7:0 0 0 0 0 0 0 0 
y8:0 0 0 0 0 0 0 0 
y9:0 0 0 0 0 0 0 0 
y10:0 0 0 0 0 0 0 0 
y11:0 0 0 0 0 0 0 0 
y12:0 0 0 0 0 0 0 0 
y13:0 0 0 0 0 0 0 0 
y14:0 0 0 0 0 0 0 0 
y15:0 0 0 0 0 0 0 0 
y16:0 0 0 0 0 0 0 0 
y17:0 0 0 0 0 0 0 0 
y18:0 0 0 0 0 0 0 0 
y19:0 0 0 0 0 0 0 0 
y20:0 0 0 0 0 0 0 0 
y21:0 0 0 0 0 0 0 0 
y22:0 0 0 0 0 0 0 0 
y23:0 0 0 0 0 0 0 0 
y24:0 0 0 0 0 0 0 0 
y25:0 0 0 0 0 0 0 0 
y26:0 0 0 0 0 0 0 0 
y27:0 0 0 0 0 0 0 0 
y28:0 0 0 0 0 0 0 0 
y29:0 0 0 0 0 0 0 0 
y30:0 0 0 0 0 0 0 0 
y31:0 0 0 0 0 0 0 0 
y32:0 0 0 0 0 0 0 0 
y33:0 0 0 0 0 0 0 0 
y34:0 0 0 0 0 0 0 0 
y35:0 0 0 0 0 0 0 0 
y36:0 0 0 0 0 0 0 0 
y37:0 0 0 0 0 0 0 0 
y38:0 0 0 0 0 0 0 0 
y39:0 0 0 0 0 0 0 0 
y40:0 0 0 0 0 0 0 0 
y41:0 0 0 0 0 0 0 0 
y42:0 0 0 0 0 0 0 0 
y43:0 0 0 0 0 0 0 0 
y44:0 0 0 0 0 0 0 0 
y45:0 0 0 0 0 0 0 0 
y46:0 0 0 0 0 0 0 0 
y47:0 0 0 0 0 0 0 0 
y48:0 0 0 0 0 0 0 0 
y49:0 0 0 0 0 0 0 0 
y50:0 0 0 0 0 0 0 0 
y51:0 0 0 0 0 0 0 0 
y52:0 0 0 0 0 0 0 0 
y53:0 0 0 0 0 0 0 0 
y54:0 0 0 0 0 0 0 0 
y55:0 0 0 0 0 0 0 0 
y56:0 0 0 0 0 0 0 0 
y57:0 0 0 0 0 0 0 0 
y58:0 0 0 0 0 0 0 0 
y59:0 0 0 0 0 0 0 0 
y60:0 0 0 0 0 0 0 0 
y61:0 0 0 0 0 0 0 0 
y62:0 0 0 0 0 0 0 0 
y63:0 0 0 0 0 0 0 0 
y64:0 0 0 0 0 0 0 0 
y65:0 0 0 0 0 0 0 0 








x0:856 848 20 721 198 134 766 139 772 
x1:97 508 198 419 876 213 298 696 55 740 899 234 5 497 946 109 151 680 664 779 621 752 413 885 79 11 134 812 666 858 411 762 365 960 180 240 172 829 287 227 568 185 812 572 681 109 33 183 140 48 313 760 800 725 644 878 736 129 41 753 986 804 514 351 115 45 942 287 226 229 865 793 413 28 365 446 136 749 628 275 796 941 386 595 17 30 824 104 510 217 
x2:882 233 714 205 101 828 212 32 337 824 396 182 840 705 671 99 327 856 182 303 971 591 965 986 56 705 772 514 442 784 599 323 368 664 527 821 491 91 852 179 914 599 713 105 303 383 204 629 590 737 283 912 327 599 250 734 303 373 248 
x3:343 719 988 135 132 15 851 929 502 599 556 776 395 848 162 341 865 543 165 968 404 733 176 251 104 896 448 589 13 939 361 355 657 700 842 140 715 692 68 216 643 976 344 389 175 857 729 391 399 245 359 802 977 886 53 80 781 852 669 794 142 381 500 151 80 341 642 146 33 62 714 27 
x4:37 57 415 563 913 495 954 663 740 664 464 68 549 868 500 329 72 168 474 565 900 974 67 331 314 709 477 698 770 542 724 158 598 138 720 
x5:862 985 25 524 724 688 339 791 236 559 642 917 982 161 742 546 60 715 613 743 381 673 571 78 794 112 154 951 61 643 22 922 627 399 797 702 86 135 845 674 693 486 942 674 647 683 572 706 398 536 448 130 208 18 207 1 481 712 303 541 355 676 462 333 74 258 35 512 745 879 185 789 364 478 463 10 160 386 68 909 921 867 38 128 
x6:237 597 480 717 308 782 258 14 809 71 347 883 681 733 394 425 611 930 213 326 759 27 688 918 412 755 827 684 973 216 811 209 812 642 278 472 423 887 837 584 309 535 466 989 267 211 765 229 492 330 555 250 708 242 519 120 348 697 155 320 913 318 881 76 959 510 547 734 396 736 317 704 270 782 45 537 344 809 
x7:117 187 490 671 788 198 264 306 669 963 3 823 635 915 140 515 990 99 376 889 184 771 976 500 826 245 633 222 133 976 383 250 514 872 272 301 69 536 606 89 850 960 912 484 874 403 350 216 853 725 456 36 847 431 535 673 27 167 894 160 494 276 409 359 
x8:500 32 659 920 567 617 9 417 576 920 252 
x9:802 322 602 369 175 326 824 210 173 606 97 197 632 263 442 143 109 70 903 467 569 935 126 488 501 94 496 269 669 767 521 822 441 474 190 615 799 365 176 323 322 272 519 954 887 313 448 995 382 351 813 302 285 290 141 137 383 637 758 404 755 630 225 195 
x10:103 415 809 253 779 337 576 101 960 446 406 846 758 853 192 491 555 
x11:357 792 839 646 933 328 381 921 85 784 675 714 8 870 
x12:816 774 30 68 553 718 995 5 678 441 762 875 550 966 419 393 521 775 184 711 420 468 38 800 740 474 935 415 539 943 636 354 716 17 774 620 735 120 976 764 912 89 638 462 407 56 854 279 830 389 989 602 857 379 753 948 204 688 714 743 982 701 448 49 718 221 669 804 693 996 567 604 437 556 65 843 612 270 121 793 659 461 394 867 191 499 814 395 186 
x13:880 137 167 580 584 215 297 157 235 452 849 583 18 804 19 574 869 213 537 490 333 329 148 145 75 366 336 573 532 82 758 411 218 276 990 
x14:153 842 639 661 429 90 509 363 108 313 733 33 533 945 569 22 629 249 522 773 323 239 460 895 770 541 4 180 758 279 522 263 473 160 923 901 249 784 263 708 448 995 92 332 291 12 353 919 261 226 691 935 465 151 830 586 691 185 118 801 
x15:464 639 63 288 150 337 540 750 120 802 810 567 148 901 898 790 913 603 708 525 180 750 459 644 252 640 582 295 825 699 447 640 689 509 279 190 845 818 939 317 971 748 883 470 649 133 259 913 735 966 789 914 67 599 910 319 591 491 965 767 541 411 406 581 271 684 770 467 853 708 783 823 456 18 292 456 150 550 720 236 867 860 501 285 458 410 955 
x16:48 252 919 814 144 329 571 724 951 606 493 418 458 553 
x17:552 280 8 569 571 815 70 472 886 305 690 745 806 975 202 567 929 602 819 848 767 314 528 338 38 831 943 530 248 753 82 799 384 441 

y1:0 0 0 0 198 134 0 0 0 
y2:0 0 0 0 0 0 0 0 0 
y3:0 0 0 0 0 0 0 0 0 
y4:0 0 0 0 0 0 0 0 0 
y5:0 0 0 0 0 0 0 0 0 
y6:0 0 0 0 0 0 0 0 0 
y7:0 0 0 0 0 0 0 0 0 
y8:0 0 0 0 0 0 0 0 0 
y9:0 0 0 0 0 0 0 0 0 
y10:0 0 0 0 0 0 0 0 0 
y11:0 0 0 0 0 0 0 0 0 
y12:0 0 0 0 0 0 0 0 0 
y13:0 0 0 0 0 0 0 0 0 
y14:0 0 0 0 0 0 0 0 0 
y15:0 0 0 0 0 0 0 0 0 
y16:0 0 0 0 0 0 0 0 0 
y17:0 0 0 0 0 0 0 0 0 
